2,4
2,3
4,1
2,2
4,3
2,1
4,0
2,0
1,8
1,7
1,6
1,5
1,4
1,3
1,2
1,1
1,0
0,511
0,510
0,507
0,499
0,494
0,487
0,486
0,484
0,478
0,477
0,476
0,475
0,474
0,472
0,470
0,469
0,465
0,464
0,463
0,462
0,458
0,457
0,456
0,454
0,451
0,449
0,448
0,447
0,443
0,442
0,440
0,439
0,434
0,414
0,413
0,412
0,411
0,410
0,406
0,401
0,396
0,386
0,374
0,362
0,361
0,353
0,349
0,347
0,335
0,326
0,324
0,322
0,321
0,317
0,313
0,312
0,243
64,11
64,1
64,3
64,0
63,7
522,128
522,1
522,3
0,422
0,426
522,0
0,392
63,1
63,3
0,445
0,377
63,0
0,388
0,9
0,310
0,305
0,404
0,402
0,395
0,481
0,459
0,455
0,450
0,446
0,436
0,453
0,419
0,417
0,425
0,421
0,480
0,460
0,501
0,461
0,397
0,308
0,304
0,303
0,302
0,307
0,444
0,12
0,373
0,10
0,452
0,8
0,0
0,482
0,300
0,479
0,299
0,340
0,298
0,358
0,297
0,372
0,296
0,473
0,295
0,498
0,294
0,356
0,293
0,438
0,292
0,506
0,291
0,500
0,290
0,352
0,289
0,437
0,288
0,350
0,287
0,357
0,286
0,399
0,285
0,496
0,284
0,367
0,283
0,329
0,282
0,432
0,281
0,355
0,280
0,381
0,279
0,509
0,278
0,333
2,103
2,5
2,6
2,7
2,9
2,10
2,13
2,15
2,16
2,18
2,19
2,21
2,23
2,24
2,26
2,27
2,29
2,30
2,32
2,34
2,35
2,65
2,66
2,68
2,70
2,71
2,73
2,74
2,76
2,77
2,79
2,81
2,82
2,84
2,85
2,87
2,89
2,90
2,92
2,93
2,95
2,96
2,98
2,100
2,101
2,104
2,105
2,107
2,109
2,110
2,112
2,113
2,115
2,117
2,118
2,120
2,121
2,123
2,124
2,126
2,128
2,129
3,0
3,1
3,3
3,5
3,6
24,0
24,1
24,3
24,4
24,6
24,8
24,9
25,0
25,1
25,3
25,5
25,6
25,8
25,9
25,11
25,12
25,14
25,16
25,17
25,19
25,20
26,0
26,2
26,3
26,5
26,6
26,8
26,10
26,11
26,13
26,14
26,16
26,17
26,19
26,21
26,22
26,24
27,0
27,2
27,4
27,5
27,7
27,8
27,10
27,11
27,13
27,15
27,16
27,18
27,19
27,21
27,23
27,24
28,0
28,1
28,3
28,4
28,6
28,8
29,0
29,2
29,3
30,0
30,2
30,3
30,5
30,6
31,1
31,2
31,4
32,1
32,2
32,4
32,5
32,7
33,0
33,1
33,3
33,4
33,6
34,0
34,1
34,3
34,4
35,1
35,2
35,4
36,0
36,1
36,3
36,4
36,6
37,1
37,2
37,4
37,5
37,7
38,0
38,2
38,4
38,5
38,7
38,8
39,0
39,2
39,3
39,5
40,0
40,2
40,3
40,5
41,1
41,2
41,4
42,0
42,2
42,4
42,5
43,1
43,2
43,4
44,0
44,1
44,3
44,4
45,0
45,1
45,3
45,5
45,6
45,8
45,9
45,11
45,13
45,14
46,0
46,1
46,3
46,4
47,1
47,3
47,4
47,6
47,7
48,0
48,2
48,3
49,1
49,2
49,4
50,0
50,2
50,4
50,5
51,0
51,1
51,3
51,5
51,6
52,0
52,1
52,3
52,4
52,6
53,1
53,2
53,4
53,5
53,7
54,1
54,2
54,4
54,5
55,1
55,3
55,4
56,0
56,1
56,3
56,4
56,6
57,1
57,2
57,4
57,5
57,7
58,1
58,2
58,4
58,5
59,0
59,1
59,3
59,5
59,6
60,1
60,2
60,4
60,6
61,0
61,2
61,3
62,0
62,1
62,3
63,2
63,4
63,6
63,8
64,4
64,6
64,7
64,9
64,10
64,13
64,15
64,16
64,18
65,0
65,2
65,3
65,5
66,1
66,2
66,4
66,5
67,0
67,2
67,3
68,0
68,1
68,3
68,4
69,0
69,2
69,3
69,5
69,6
69,8
70,0
70,1
70,3
70,4
70,6
71,0
71,2
71,4
71,5
72,0
72,1
72,3
72,5
72,6
73,1
73,2
73,4
73,6
73,7
74,1
74,2
74,4
74,5
74,7
75,1
75,2
75,4
75,5
75,7
76,1
76,2
76,4
76,5
76,7
76,8
76,10
77,1
77,2
77,4
77,5
78,1
78,3
78,4
78,6
79,0
79,2
79,3
80,1
80,3
80,4
80,6
80,7
80,9
80,11
80,12
81,1
81,2
81,4
81,5
82,0
82,2
82,3
82,5
82,6
83,1
83,3
83,4
83,6
84,0
84,2
84,4
84,5
85,0
85,1
85,3
85,4
85,6
85,8
85,9
86,0
86,1
86,3
86,5
86,6
86,8
86,9
86,11
86,12
86,14
86,16
86,17
86,19
86,20
86,22
86,24
86,25
86,27
86,28
86,30
86,31
86,33
86,35
86,36
86,38
86,39
86,41
86,43
87,0
87,2
87,3
87,5
88,0
88,1
88,3
88,4
89,0
89,1
89,3
90,1
90,2
91,0
91,1
91,3
92,0
92,1
92,3
92,4
92,6
92,7
93,1
93,3
93,4
93,6
93,7
94,1
94,3
94,4
94,6
95,0
95,2
95,3
95,5
96,1
96,2
96,4
96,5
97,0
97,2
97,3
97,5
97,6
98,1
98,2
98,4
99,1
99,2
99,4
100,0
100,2
100,4
101,0
101,2
101,3
101,5
101,7
102,0
102,2
102,3
102,5
102,6
103,1
103,3
103,4
104,1
104,2
104,4
105,1
105,2
105,4
106,0
106,2
106,3
107,0
107,2
107,3
108,1
108,2
108,4
109,0
109,1
109,3
109,4
110,1
110,2
110,4
111,1
111,2
111,4
112,0
112,2
113,0
113,1
113,3
114,0
114,2
114,4
115,0
115,2
115,3
116,0
116,1
116,3
116,5
116,6
117,1
117,2
117,4
118,1
118,2
118,4
119,0
119,2
119,3
120,0
120,2
120,3
120,5
121,0
121,2
121,4
121,5
121,7
122,0
122,2
122,3
122,5
123,0
123,1
123,3
123,4
124,0
124,2
124,3
124,5
124,6
124,8
124,9
124,11
125,0
125,1
125,3
125,4
125,6
125,8
125,9
126,1
126,2
126,4
126,6
126,7
126,9
127,0
127,2
127,3
127,5
127,7
127,8
128,0
128,1
128,3
128,5
128,6
128,8
128,9
128,11
129,0
129,2
129,4
129,5
129,7
129,8
129,10
129,12
130,0
130,2
130,3
131,0
131,1
131,3
131,5
131,6
132,0
132,1
132,3
133,1
133,2
133,4
133,5
134,1
134,3
134,4
134,6
134,7
135,1
135,2
135,4
136,1
136,2
136,4
136,5
136,7
137,1
137,2
137,4
137,5
138,1
138,2
138,4
139,0
139,1
139,3
139,4
139,6
140,1
140,2
140,4
140,5
141,1
141,2
141,4
142,1
142,2
142,4
142,5
143,0
143,2
143,3
143,5
144,0
144,2
144,4
145,0
145,2
145,3
145,5
146,0
146,2
146,4
146,5
147,1
147,2
148,0
148,2
148,3
148,5
149,0
149,2
149,3
149,5
150,1
150,2
150,4
150,5
151,0
151,2
151,3
151,5
152,0
152,2
152,3
153,0
153,2
153,3
154,1
154,2
154,4
154,6
154,7
154,9
154,10
155,0
155,1
155,3
155,5
156,0
156,2
156,3
156,5
157,0
157,1
157,3
158,0
158,2
158,4
158,5
159,1
159,2
160,0
160,1
160,3
161,0
161,1
161,3
161,4
162,1
162,3
162,4
162,6
162,7
163,1
163,2
163,4
163,6
164,0
164,2
164,3
164,5
165,1
165,2
165,4
166,0
166,2
166,3
166,5
166,7
166,8
166,10
166,11
166,13
166,15
166,16
167,1
167,2
167,4
167,6
167,7
168,1
168,2
168,4
168,5
169,1
169,3
169,4
169,6
169,7
169,9
170,1
170,2
170,4
170,5
171,1
171,2
171,4
172,1
172,2
172,4
172,5
172,7
173,1
173,2
174,0
174,1
174,3
175,0
175,2
175,4
175,5
175,7
175,8
176,0
176,2
176,3
176,5
177,0
177,2
177,3
177,5
178,0
178,1
178,3
178,4
179,0
179,2
179,3
179,5
180,0
180,2
180,4
180,5
180,7
181,0
181,2
181,3
181,5
182,1
182,2
182,4
182,5
183,1
183,3
183,4
183,6
183,7
184,1
184,2
184,4
184,6
185,0
185,2
185,3
186,0
186,2
186,3
186,5
186,6
187,1
187,2
187,4
187,6
188,0
188,2
188,3
189,0
189,2
189,3
189,5
189,6
190,0
190,2
190,3
190,5
190,6
191,1
191,2
191,4
191,6
191,7
192,1
192,2
192,4
193,1
193,2
193,4
193,5
194,1
194,2
194,4
195,1
195,2
195,4
195,5
196,0
196,2
196,3
196,5
196,6
197,1
197,2
197,4
197,6
198,0
198,2
198,3
199,0
199,2
199,3
199,5
199,6
200,1
200,2
200,4
201,1
201,2
201,4
201,5
202,0
202,2
202,3
202,5
202,6
203,1
203,3
203,4
204,1
204,2
204,4
204,5
205,1
205,3
205,4
206,1
206,2
206,4
206,6
206,7
207,1
207,2
207,4
207,5
208,1
208,3
208,4
208,6
208,7
209,1
209,3
209,4
209,6
209,7
210,0
210,1
210,3
210,5
210,6
211,0
211,1
211,3
211,5
212,0
212,2
212,3
212,5
213,0
213,1
213,3
213,4
213,6
214,0
214,2
214,4
214,5
215,0
215,1
215,3
215,5
216,0
216,2
216,3
216,5
217,0
217,2
217,4
217,5
218,1
218,2
218,4
219,0
219,1
219,3
219,4
219,6
219,7
220,1
220,3
220,4
221,0
221,1
221,3
221,5
221,6
222,1
222,2
222,4
222,6
222,7
223,0
223,1
223,3
223,4
224,0
224,2
224,3
225,1
225,2
225,4
226,0
226,1
226,3
226,4
226,6
227,0
227,2
227,4
227,5
228,0
228,1
228,3
228,5
229,0
229,2
229,3
229,5
230,0
230,2
230,4
230,5
231,0
231,1
231,3
231,5
232,0
232,2
232,3
232,5
233,0
233,2
233,4
233,5
234,0
234,1
234,3
234,5
235,0
235,2
235,3
235,5
236,0
236,1
236,3
236,4
237,0
237,1
237,3
237,5
237,6
238,1
238,2
238,4
239,0
239,1
239,3
239,4
239,6
240,0
240,2
240,4
240,5
241,1
241,2
241,4
242,0
242,1
242,3
242,4
242,6
242,7
242,9
243,1
243,2
243,4
244,0
244,2
244,4
244,5
245,1
245,2
245,4
246,0
246,1
246,3
246,4
247,0
247,1
247,3
248,0
248,1
248,3
248,4
248,6
248,8
249,0
249,2
249,3
250,0
250,1
250,3
251,0
251,1
251,3
251,4
251,6
252,0
252,1
252,3
252,4
253,1
253,2
253,4
253,6
254,0
254,2
254,3
254,5
255,0
255,1
255,3
255,4
255,6
256,0
256,2
256,4
256,5
256,7
257,0
257,2
257,4
257,5
257,7
258,0
258,2
258,4
258,5
259,0
259,1
259,3
259,4
259,6
260,0
260,1
260,3
261,0
261,2
261,4
262,0
262,2
262,3
263,0
263,1
263,3
264,0
264,1
264,3
264,4
265,0
265,2
265,3
265,5
266,0
266,2
266,3
267,0
267,2
267,3
268,0
268,1
268,3
268,5
269,0
269,2
269,3
269,5
270,0
270,1
270,3
271,0
271,2
271,3
272,0
272,2
272,3
273,0
273,1
273,3
274,0
274,1
274,3
275,0
275,2
275,3
275,5
276,0
276,1
276,3
277,0
277,2
278,0
278,1
278,3
279,0
279,2
279,3
280,0
280,2
280,3
281,1
281,2
281,4
282,0
282,1
282,3
282,4
283,1
283,2
283,4
284,1
284,2
284,4
285,0
285,2
285,4
285,5
286,0
286,1
286,3
287,0
287,1
287,3
287,4
288,1
288,2
288,4
289,1
289,2
289,4
290,0
290,2
290,4
291,0
291,2
291,3
292,0
292,1
292,3
293,0
293,1
293,3
293,4
294,1
294,3
294,4
295,1
295,2
295,4
296,0
296,2
296,4
297,0
297,2
297,3
298,0
298,2
298,3
299,0
299,1
299,3
299,5
300,0
300,2
300,3
301,0
301,1
301,3
301,5
302,0
302,2
302,3
303,0
303,2
303,3
304,0
304,1
304,3
304,4
305,1
305,3
305,4
306,1
306,2
306,4
306,6
307,0
307,2
307,3
307,5
307,6
307,8
308,1
308,2
308,4
308,5
308,7
309,1
309,2
309,4
309,5
309,7
310,1
310,2
310,4
310,5
311,1
311,2
311,4
311,6
312,0
312,2
312,3
312,5
313,0
313,1
313,3
314,0
314,2
314,3
314,5
314,7
314,8
315,1
315,2
315,4
315,6
315,7
316,1
316,2
316,4
317,0
317,2
317,4
318,0
318,2
318,3
319,0
319,2
319,3
320,0
320,1
320,3
320,4
320,6
321,1
321,2
321,4
322,0
322,2
322,4
322,5
323,1
323,2
323,4
324,0
324,1
324,3
324,4
325,0
325,1
325,3
326,0
326,1
326,3
326,4
327,1
327,3
327,4
328,0
328,1
328,3
328,4
328,6
329,1
329,2
329,4
329,5
330,1
330,3
330,4
330,6
331,0
331,2
331,3
331,5
332,0
332,1
332,3
332,4
333,0
333,2
333,3
334,0
334,1
334,3
335,0
335,1
335,3
335,4
335,6
335,7
336,1
336,3
336,4
336,6
336,7
336,9
337,1
337,2
337,4
337,5
338,0
338,1
338,3
338,5
338,6
339,1
339,2
339,4
339,6
340,0
340,2
340,3
340,5
340,6
341,0
341,2
341,3
342,0
342,1
342,3
342,5
342,6
343,0
343,1
343,3
343,4
343,6
344,1
344,2
344,4
345,0
345,2
345,4
345,5
346,0
346,1
346,3
347,0
347,1
347,3
347,4
348,1
348,2
348,4
349,0
349,1
349,3
350,0
350,2
350,4
351,0
351,2
351,3
351,5
351,6
351,8
352,1
352,2
352,4
352,5
353,1
353,3
353,4
354,1
354,2
354,4
355,0
355,2
355,4
356,0
356,2
356,3
357,0
357,2
357,3
357,5
358,0
358,2
358,4
358,5
358,7
359,0
359,2
359,3
359,5
360,1
360,2
360,4
360,5
361,1
361,3
361,4
361,6
362,0
362,2
362,3
362,5
363,0
363,1
363,3
363,4
364,1
364,3
364,4
365,1
365,2
365,4
365,5
366,0
366,2
366,3
367,0
367,1
367,3
367,5
367,6
368,0
368,1
368,3
368,4
369,1
369,3
369,4
370,0
370,1
370,3
370,5
371,0
371,2
371,3
371,5
372,1
372,2
372,4
373,0
373,2
373,3
374,0
374,2
374,3
375,0
375,1
375,3
375,5
376,0
376,2
376,3
376,5
376,6
377,1
377,3
377,4
378,0
378,1
378,3
379,0
379,1
379,3
379,4
379,6
380,0
380,2
380,4
380,5
380,7
380,8
381,1
381,3
381,4
382,0
382,1
382,3
383,0
383,1
383,3
383,4
384,1
384,2
384,4
385,0
385,1
385,3
385,4
386,1
386,3
386,4
387,1
387,2
387,4
388,0
388,2
388,4
388,5
389,1
389,2
389,4
389,6
390,0
390,2
390,3
390,5
391,0
391,2
391,4
391,5
392,0
392,1
392,3
392,5
393,0
393,2
393,3
393,5
394,0
394,1
394,3
394,4
395,0
395,1
395,3
395,5
396,0
396,2
396,3
397,0
397,2
397,3
397,5
397,6
398,1
398,2
398,4
399,1
399,2
399,4
400,0
400,2
400,4
401,0
401,2
401,3
401,5
402,0
402,2
402,4
402,5
403,1
403,2
403,4
404,1
404,2
404,4
405,0
405,2
405,3
405,5
406,1
406,2
407,0
407,1
407,3
408,0
408,1
408,3
408,4
408,6
409,1
409,2
409,4
409,5
410,0
410,1
410,3
410,5
411,0
411,2
411,3
411,5
412,0
412,1
412,3
412,4
413,0
413,1
413,3
413,5
413,6
413,8
414,0
414,2
414,4
415,0
415,2
415,3
416,0
416,1
416,3
416,5
416,6
417,1
417,2
417,4
417,6
418,0
418,2
418,3
418,5
419,0
419,1
419,3
419,4
420,1
420,2
420,4
421,0
421,1
421,3
421,4
422,1
422,3
422,4
423,1
423,2
423,4
423,5
424,0
424,2
424,3
424,5
425,0
425,2
425,4
426,0
426,2
426,3
426,5
427,0
427,2
427,4
427,5
428,0
428,1
428,3
428,5
429,0
429,2
429,3
429,5
429,6
430,1
430,3
430,4
431,0
431,1
431,3
431,5
431,6
432,1
432,2
432,4
432,6
432,7
433,0
433,1
433,3
433,4
434,1
434,3
434,4
434,6
435,0
435,2
435,4
435,5
436,1
436,2
436,4
437,0
437,2
437,4
438,0
438,2
438,3
438,5
438,7
439,0
439,2
439,3
440,1
440,2
440,4
441,0
441,1
441,3
441,4
442,1
442,3
442,4
442,6
443,0
443,2
443,4
444,0
444,2
444,3
445,0
445,1
445,3
446,0
446,1
446,3
446,4
446,6
447,0
447,1
447,3
447,4
449,1
449,2
449,4
449,6
449,7
449,9
450,0
450,2
451,0
451,1
451,3
452,0
452,2
452,3
453,1
453,3
454,0
454,2
454,3
455,1
455,3
456,0
456,2
456,3
457,1
457,2
458,0
458,2
458,3
459,1
459,2
460,0
460,2
460,3
461,1
461,2
461,4
461,6
462,0
462,2
462,3
463,0
463,1
463,3
463,5
463,6
463,8
463,9
463,11
464,1
464,2
464,4
464,5
465,0
465,1
465,3
465,5
465,6
466,1
466,2
466,4
467,1
467,2
467,4
467,5
468,1
468,2
468,4
468,6
469,0
469,2
469,3
469,5
470,1
470,2
470,4
470,5
471,1
471,3
471,4
472,1
472,2
472,4
472,5
473,1
473,3
474,0
474,2
474,3
474,5
474,7
475,0
475,2
475,3
476,1
476,2
477,0
477,2
477,3
477,5
477,6
478,1
478,3
478,4
478,6
479,0
479,2
479,3
480,0
480,2
480,3
480,5
480,6
481,0
481,2
481,3
482,1
482,2
482,4
483,1
483,2
483,4
483,5
484,0
484,1
484,3
484,5
484,6
485,1
485,2
485,4
485,6
486,0
486,2
486,3
487,0
487,1
487,3
487,5
488,0
488,2
488,3
488,5
489,1
489,2
489,4
489,5
490,1
490,2
490,4
490,6
491,0
491,2
491,3
492,0
492,2
492,3
492,5
493,0
493,2
493,3
493,5
493,7
494,0
494,2
494,3
494,5
495,1
495,2
495,4
495,5
496,1
496,3
497,0
497,2
497,3
497,5
498,0
498,2
498,4
499,0
499,2
499,3
499,5
500,1
500,2
500,4
500,5
501,1
501,2
501,4
502,0
502,1
502,3
502,4
503,0
503,2
503,3
503,5
504,0
504,2
504,3
505,0
505,2
505,3
505,5
506,0
506,2
506,4
506,5
507,1
507,2
507,4
508,0
508,1
508,3
508,4
509,1
509,2
510,0
510,2
510,3
510,5
510,6
511,0
511,2
511,3
512,0
512,1
512,3
512,4
513,1
513,3
513,4
514,1
514,2
514,4
515,1
515,2
515,4
515,5
516,1
516,2
516,4
517,1
517,2
517,4
518,0
518,2
518,4
519,0
519,2
519,3
520,0
520,1
520,3
521,0
521,1
521,3
521,4
522,4
522,6
522,7
522,9
522,10
522,12
522,14
522,15
522,17
522,18
522,20
522,21
522,23
522,25
522,26
522,28
522,29
522,31
522,33
522,34
522,36
522,37
522,39
522,40
522,42
522,44
522,45
522,47
522,48
522,50
522,52
522,53
522,55
522,56
522,58
522,59
522,61
522,63
522,64
522,66
522,67
522,69
522,71
522,72
522,74
522,75
522,76
522,73
522,70
522,68
522,65
522,62
522,60
522,57
522,54
522,51
522,49
522,46
522,43
522,41
522,38
522,35
522,32
522,30
522,27
522,24
522,22
522,19
522,16
522,13
522,11
522,8
522,5
522,2
521,2
520,4
520,2
519,4
519,1
518,3
518,1
517,3
517,0
516,3
516,0
515,3
515,0
514,3
514,0
513,2
513,0
512,2
511,4
511,1
510,7
510,4
510,1
509,3
509,0
508,2
507,5
507,3
507,0
506,3
506,1
505,4
505,1
504,4
504,1
503,4
503,1
502,5
502,2
501,5
501,3
501,0
500,3
500,0
499,4
499,1
498,3
498,1
497,4
497,1
496,2
496,0
495,3
495,0
494,4
494,1
493,6
493,4
493,1
492,4
492,1
491,4
491,1
490,5
490,3
490,0
489,3
489,0
488,4
488,1
487,4
487,2
486,4
486,1
485,5
485,3
485,0
484,4
484,2
483,6
483,3
483,0
482,3
482,0
481,1
480,7
480,4
480,1
479,4
479,1
478,5
478,2
478,0
477,4
477,1
476,3
476,0
475,1
474,6
474,4
474,1
473,2
473,0
472,3
472,0
471,2
471,0
470,3
470,0
469,4
469,1
468,5
468,3
468,0
467,3
467,0
466,3
466,0
465,4
465,2
464,6
464,3
464,0
463,10
463,7
463,4
463,2
462,4
462,1
461,5
461,3
461,0
460,1
459,3
459,0
458,1
457,3
457,0
456,1
455,2
455,0
454,1
453,2
453,0
452,1
451,2
450,3
450,1
449,8
449,5
449,3
449,0
447,2
446,7
446,5
446,2
445,4
445,2
444,4
444,1
443,3
443,1
442,5
442,2
442,0
441,2
440,5
440,3
440,0
439,1
438,6
438,4
438,1
437,3
437,1
436,3
436,0
435,3
435,1
434,5
434,2
434,0
433,2
432,8
432,5
432,3
432,0
431,4
431,2
430,5
430,2
430,0
429,4
429,1
428,4
428,2
427,6
427,3
427,1
426,4
426,1
425,3
425,1
424,4
424,1
423,6
423,3
423,0
422,2
422,0
421,2
420,5
420,3
420,0
419,2
418,6
418,4
418,1
417,5
417,3
417,0
416,4
416,2
415,4
415,1
414,3
414,1
413,7
413,4
413,2
412,5
412,2
411,6
411,4
411,1
410,4
410,2
409,6
409,3
409,0
408,5
408,2
407,4
407,2
406,3
406,0
405,4
405,1
404,3
404,0
403,3
403,0
402,3
402,1
401,4
401,1
400,3
400,1
399,3
399,0
398,3
398,0
397,4
397,1
396,4
396,1
395,4
395,2
394,5
394,2
393,6
393,4
393,1
392,4
392,2
391,6
391,3
391,1
390,4
390,1
389,5
389,3
389,0
388,3
388,1
387,3
387,0
386,2
386,0
385,2
384,5
384,3
384,0
383,2
382,4
382,2
381,5
381,2
381,0
380,6
380,3
380,1
379,5
379,2
378,4
378,2
377,5
377,2
377,0
376,4
376,1
375,4
375,2
374,4
374,1
373,4
373,1
372,3
372,0
371,4
371,1
370,4
370,2
369,5
369,2
369,0
368,2
367,7
367,4
367,2
366,4
366,1
365,6
365,3
365,0
364,2
364,0
363,2
362,6
362,4
362,1
361,5
361,2
361,0
360,3
360,0
359,4
359,1
358,6
358,3
358,1
357,4
357,1
356,4
356,1
355,3
355,1
354,3
354,0
353,2
353,0
352,3
352,0
351,7
351,4
351,1
350,3
350,1
349,2
348,5
348,3
348,0
347,2
346,4
346,2
345,6
345,3
345,1
344,3
344,0
343,5
343,2
342,7
342,4
342,2
341,4
341,1
340,7
340,4
340,1
339,5
339,3
339,0
338,4
338,2
337,6
337,3
337,0
336,8
336,5
336,2
336,0
335,5
335,2
334,4
334,2
333,4
333,1
332,5
332,2
331,6
331,4
331,1
330,5
330,2
330,0
329,3
329,0
328,5
328,2
327,5
327,2
327,0
326,2
325,4
325,2
324,5
324,2
323,5
323,3
323,0
322,3
322,1
321,3
321,0
320,5
320,2
319,4
319,1
318,4
318,1
317,3
317,1
316,3
316,0
315,5
315,3
315,0
314,6
314,4
314,1
313,2
312,6
312,4
312,1
311,5
311,3
311,0
310,3
310,0
309,6
309,3
309,0
308,6
308,3
308,0
307,7
307,4
307,1
306,5
306,3
306,0
305,2
305,0
304,2
303,4
303,1
302,4
302,1
301,4
301,2
300,4
300,1
299,4
299,2
298,4
298,1
297,4
297,1
296,3
296,1
295,3
295,0
294,2
294,0
293,2
292,4
292,2
291,4
291,1
290,3
290,1
289,3
289,0
288,3
288,0
287,2
286,4
286,2
285,6
285,3
285,1
284,3
284,0
283,3
283,0
282,2
281,5
281,3
281,0
280,1
279,4
279,1
278,2
277,3
277,1
276,2
275,6
275,4
275,1
274,2
273,4
273,2
272,4
272,1
271,4
271,1
270,2
269,6
269,4
269,1
268,4
268,2
267,4
267,1
266,4
266,1
265,4
265,1
264,5
264,2
263,4
263,2
262,4
262,1
261,3
261,1
260,2
259,7
259,5
259,2
258,6
258,3
258,1
257,6
257,3
257,1
256,6
256,3
256,1
255,5
255,2
254,6
254,4
254,1
253,5
253,3
253,0
252,2
251,7
251,5
251,2
250,4
250,2
249,4
249,1
248,7
248,5
248,2
247,4
247,2
246,5
246,2
245,5
245,3
245,0
244,3
244,1
243,3
243,0
242,8
242,5
242,2
241,5
241,3
241,0
240,3
240,1
239,5
239,2
238,5
238,3
238,0
237,4
237,2
236,5
236,2
235,6
235,4
235,1
234,4
234,2
233,6
233,3
233,1
232,4
232,1
231,4
231,2
230,6
230,3
230,1
229,4
229,1
228,4
228,2
227,6
227,3
227,1
226,5
226,2
225,5
225,3
225,0
224,1
223,5
223,2
222,8
222,5
222,3
222,0
221,4
221,2
220,5
220,2
220,0
219,5
219,2
218,5
218,3
218,0
217,3
217,1
216,4
216,1
215,4
215,2
214,6
214,3
214,1
213,5
213,2
212,6
212,4
212,1
211,4
211,2
210,7
210,4
210,2
209,8
209,5
209,2
209,0
208,5
208,2
208,0
207,3
207,0
206,5
206,3
206,0
205,2
205,0
204,3
204,0
203,2
203,0
202,4
202,1
201,6
201,3
201,0
200,3
200,0
199,4
199,1
198,4
198,1
197,5
197,3
197,0
196,4
196,1
195,6
195,3
195,0
194,3
194,0
193,3
193,0
192,3
192,0
191,5
191,3
191,0
190,4
190,1
189,7
189,4
189,1
188,4
188,1
187,5
187,3
187,0
186,4
186,1
185,4
185,1
184,5
184,3
184,0
183,5
183,2
183,0
182,3
182,0
181,4
181,1
180,6
180,3
180,1
179,4
179,1
178,5
178,2
177,6
177,4
177,1
176,4
176,1
175,9
175,6
175,3
175,1
174,2
173,3
173,0
172,6
172,3
172,0
171,3
171,0
170,3
170,0
169,8
169,5
169,2
169,0
168,3
168,0
167,5
167,3
167,0
166,14
166,12
166,9
166,6
166,4
166,1
165,3
165,0
164,4
164,1
163,5
163,3
163,0
162,5
162,2
162,0
161,2
160,4
160,2
159,3
159,0
158,3
158,1
157,2
156,6
156,4
156,1
155,4
155,2
154,11
154,8
154,5
154,3
154,0
153,1
152,4
152,1
151,4
151,1
150,6
150,3
150,0
149,4
149,1
148,4
148,1
147,3
147,0
146,3
146,1
145,4
145,1
144,3
144,1
143,4
143,1
142,6
142,3
142,0
141,3
141,0
140,3
140,0
139,5
139,2
138,5
138,3
138,0
137,3
137,0
136,6
136,3
136,0
135,3
135,0
134,5
134,2
134,0
133,3
133,0
132,2
131,7
131,4
131,2
130,4
130,1
129,11
129,9
129,6
129,3
129,1
128,10
128,7
128,4
128,2
127,9
127,6
127,4
127,1
126,8
126,5
126,3
126,0
125,7
125,5
125,2
124,12
124,10
124,7
124,4
124,1
123,5
123,2
122,6
122,4
122,1
121,6
121,3
121,1
120,4
120,1
119,4
119,1
118,3
118,0
117,3
117,0
116,4
116,2
115,4
115,1
114,3
114,1
113,2
112,3
112,1
111,3
111,0
110,3
110,0
109,2
108,5
108,3
108,0
107,1
106,4
106,1
105,3
105,0
104,3
104,0
103,2
103,0
102,4
102,1
101,6
101,4
101,1
100,3
100,1
99,3
99,0
98,3
98,0
97,4
97,1
96,6
96,3
96,0
95,4
95,1
94,5
94,2
94,0
93,5
93,2
93,0
92,5
92,2
91,4
91,2
90,3
90,0
89,2
88,5
88,2
87,6
87,4
87,1
86,42
86,40
86,37
86,34
86,32
86,29
86,26
86,23
86,21
86,18
86,15
86,13
86,10
86,7
86,4
86,2
85,10
85,7
85,5
85,2
84,6
84,3
84,1
83,5
83,2
83,0
82,4
82,1
81,6
81,3
81,0
80,10
80,8
80,5
80,2
80,0
79,1
78,5
78,2
78,0
77,3
77,0
76,9
76,6
76,3
76,0
75,6
75,3
75,0
74,6
74,3
74,0
73,5
73,3
73,0
72,4
72,2
71,6
71,3
71,1
70,5
70,2
69,9
69,7
69,4
69,1
68,5
68,2
67,4
67,1
66,6
66,3
66,0
65,4
65,1
64,17
64,14
64,12
64,8
64,5
64,2
63,5
62,4
62,2
61,4
61,1
60,5
60,3
60,0
59,4
59,2
58,6
58,3
58,0
57,6
57,3
57,0
56,5
56,2
55,5
55,2
55,0
54,3
54,0
53,6
53,3
53,0
52,5
52,2
51,7
51,4
51,2
50,6
50,3
50,1
49,3
49,0
48,1
47,8
47,5
47,2
47,0
46,2
45,15
45,12
45,10
45,7
45,4
45,2
44,5
44,2
43,5
43,3
43,0
42,3
42,1
41,3
41,0
40,4
40,1
39,4
39,1
38,9
38,6
38,3
38,1
37,6
37,3
37,0
36,5
36,2
35,5
35,3
35,0
34,2
33,7
33,5
33,2
32,8
32,6
32,3
32,0
31,3
31,0
30,4
30,1
29,4
29,1
28,7
28,5
28,2
27,25
27,22
27,20
27,17
27,14
27,12
27,9
27,6
27,3
27,1
26,23
26,20
26,18
26,15
26,12
26,9
26,7
26,4
26,1
25,21
25,18
25,15
25,13
25,10
25,7
25,4
25,2
24,10
24,7
24,5
24,2
4,2
3,4
3,2
2,130
2,127
2,125
2,122
2,119
2,116
2,114
2,111
2,108
2,106
2,102
2,99
2,97
2,94
2,91
2,88
2,86
2,83
2,80
2,78
2,75
2,72
2,69
2,67
2,64
2,33
2,31
2,28
2,25
2,22
2,20
2,17
2,14
2,11
2,8
2,12
0,277
0,398
0,276
0,508
0,275
0,471
0,274
0,319
0,273
0,489
0,272
0,341
0,271
0,331
0,270
0,318
0,269
0,268
0,468
0,267
0,339
0,266
0,493
0,265
0,430
0,264
0,360
0,263
0,262
0,261
0,380
0,260
0,505
0,259
0,316
0,258
0,488
0,257
0,431
0,256
0,359
0,255
0,332
0,254
0,315
0,253
0,492
0,252
0,429
0,251
0,314
0,250
0,338
0,249
0,248
0,369
0,247
0,418
0,246
0,379
0,245
0,495
0,244
0,242
0,378
0,241
0,240
0,393
0,239
0,391
0,238
0,311
0,237
0,408
0,236
0,416
0,235
0,351
0,234
0,415
0,233
0,320
0,232
0,348
0,231
0,376
0,230
0,409
0,229
0,228
0,407
0,227
0,491
0,226
0,371
0,225
0,490
0,224
0,306
0,223
0,387
0,222
0,384
0,221
0,420
0,220
0,346
0,219
0,370
0,218
0,327
0,217
0,366
0,216
0,466
0,215
0,309
0,214
0,301
0,213
0,405
0,212
0,403
0,211
0,424
0,210
0,209
0,400
0,208
0,330
0,207
0,467
0,206
0,423
0,205
0,328
0,204
0,343
0,203
0,433
0,202
0,354
0,201
0,325
0,200
0,483
0,199
0,323
0,198
0,365
0,197
0,504
0,196
0,337
0,195
0,394
0,194
0,345
0,193
0,497
0,192
0,441
0,63
0,375
0,62
0,390
0,61
0,344
0,60
0,485
0,59
0,58
0,503
0,57
0,364
0,56
0,428
0,55
0,342
0,54
0,389
0,53
0,336
0,52
0,427
0,51
0,368
0,50
0,382
0,49
0,502
0,48
0,385
0,47
0,363
0,46
0,334
0,45
0,383
0,6
0,5
0,1
0,435
0,11
0,4
0,2
0,3
0,7
